0.000000 
0.587785 
-0.951056 
0.951057 
-0.587785 
0.000000 
0.587785 
-0.951056 
0.951057 
-0.587786 
0.000000 
0.587785 
-0.951056 
0.951057 
-0.587786 
0.000001 
0.587785 
-0.951056 
0.951057 
-0.587786 
0.000001 
0.587785 
-0.951056 
0.951057 
-0.587786 
0.000001 
0.587784 
-0.951056 
0.951057 
-0.587786 
0.000001 
0.587784 
-0.951056 
0.951057 
-0.587786 
0.000001 
0.587784 
-0.951056 
0.951057 
-0.587786 
0.000001 
0.587784 
-0.951056 
0.951057 
-0.587787 
0.000002 
0.587784 
-0.951056 
0.951057 
-0.587787 
0.000002 
0.587784 
-0.951056 
0.951057 
-0.587787 
0.000002 
0.587784 
-0.951056 
0.951057 
-0.587787 
0.000002 
0.587783 
-0.951056 
0.951057 
-0.587787 
0.000002 
0.587783 
-0.951056 
0.951057 
-0.587787 
0.000003 
0.587783 
-0.951056 
0.951057 
-0.587787 
0.000003 
0.587783 
-0.951056 
0.951057 
-0.587788 
0.000003 
0.587783 
-0.951056 
0.951057 
-0.587788 
0.000003 
0.587783 
-0.951056 
0.951058 
-0.587788 
0.000003 
0.587783 
-0.951055 
0.951058 
-0.587788 
0.000004 
0.587782 
-0.951055 
0.951058 
-0.587788 
0.000004 
0.587782 
-0.951055 
0.951058 
-0.587788 
0.000004 
0.587782 
-0.951055 
0.951058 
-0.587789 
0.000004 
0.587782 
-0.951055 
0.951058 
-0.587789 
0.000004 
0.587782 
-0.951055 
0.951058 
-0.587789 
0.000004 
0.587782 
-0.951055 
0.951058 
-0.587789 
0.000005 
0.587781 
-0.951055 
0.951058 
-0.587789 
0.000005 
0.587781 
-0.951055 
0.951058 
-0.587789 
0.000005 
0.587781 
-0.951055 
0.951058 
-0.587789 
0.000005 
0.587781 
-0.951055 
0.951058 
-0.587790 
0.000005 
0.587781 
-0.951055 
0.951058 
-0.587790 
0.000006 
0.587781 
-0.951055 
0.951058 
-0.587790 
0.000006 
0.587781 
-0.951055 
0.951058 
-0.587790 
0.000006 
0.587780 
-0.951055 
0.951058 
-0.587790 
0.000006 
0.587780 
-0.951055 
0.951058 
-0.587790 
0.000006 
0.587780 
-0.951055 
0.951059 
-0.587790 
0.000006 
0.587780 
-0.951054 
0.951059 
-0.587791 
0.000007 
0.587780 
-0.951054 
0.951059 
-0.587791 
0.000007 
0.587780 
-0.951054 
0.951059 
-0.587791 
0.000007 
0.587780 
-0.951054 
0.951059 
-0.587791 
0.000007 
0.587779 
-0.951054 
0.951059 
-0.587791 
0.000007 
0.587779 
-0.951054 
0.951059 
-0.587791 
0.000008 
0.587779 
-0.951054 
0.951059 
-0.587792 
0.000008 
0.587779 
-0.951054 
0.951059 
-0.587792 
0.000008 
0.587779 
-0.951054 
0.951059 
-0.587792 
0.000008 
0.587779 
-0.951054 
0.951059 
-0.587792 
0.000008 
0.587778 
-0.951054 
0.951059 
-0.587792 
0.000009 
0.587778 
-0.951054 
0.951059 
-0.587792 
0.000009 
0.587778 
-0.951054 
0.951059 
-0.587792 
0.000009 
0.587778 
-0.951054 
0.951059 
-0.587793 
0.000009 
0.587778 
-0.951054 
0.951059 
-0.587793 
0.000009 
0.587778 
-0.951054 
0.951059 
-0.587793 
0.000009 
0.587778 
-0.951054 
0.951059 
-0.587793 
0.000010 
0.587777 
-0.951054 
0.951060 
-0.587793 
0.000010 
0.587777 
-0.951053 
0.951060 
-0.587793 
0.000010 
0.587777 
-0.951053 
0.951060 
-0.587793 
0.000010 
0.587777 
-0.951053 
0.951060 
-0.587794 
0.000010 
0.587777 
-0.951053 
0.951060 
-0.587794 
0.000011 
0.587777 
-0.951053 
0.951060 
-0.587794 
0.000011 
0.587777 
-0.951053 
0.951060 
-0.587794 
0.000011 
0.587776 
-0.951053 
0.951060 
-0.587794 
0.000011 
0.587776 
-0.951053 
0.951060 
-0.587794 
0.000011 
0.587776 
-0.951053 
0.951060 
-0.587795 
0.000012 
0.587776 
-0.951053 
0.951060 
-0.587795 
0.000012 
0.587776 
-0.951053 
0.951060 
-0.587795 
0.000012 
0.587776 
-0.951053 
0.951060 
-0.587795 
0.000012 
0.587775 
-0.951053 
0.951060 
-0.587795 
0.000012 
0.587775 
-0.951053 
0.951060 
-0.587795 
0.000012 
0.587775 
-0.951053 
0.951060 
-0.587795 
0.000013 
0.587775 
-0.951053 
0.951060 
-0.587796 
0.000013 
0.587775 
-0.951053 
0.951061 
-0.587796 
0.000013 
0.587775 
-0.951052 
0.951061 
-0.587796 
0.000013 
0.587775 
-0.951052 
0.951061 
-0.587796 
0.000013 
0.587774 
-0.951052 
0.951061 
-0.587796 
0.000014 
0.587774 
-0.951052 
0.951061 
-0.587796 
0.000014 
0.587774 
-0.951052 
0.951061 
-0.587796 
0.000014 
0.587774 
-0.951052 
0.951061 
-0.587797 
0.000014 
0.587774 
-0.951052 
0.951061 
-0.587797 
0.000014 
0.587774 
-0.951052 
0.951061 
-0.587797 
0.000014 
0.587774 
-0.951052 
0.951061 
-0.587797 
0.000015 
0.587773 
-0.951052 
0.951061 
-0.587797 
0.000015 
0.587773 
-0.951052 
0.951061 
-0.587797 
0.000015 
0.587773 
-0.951052 
0.951061 
-0.587798 
0.000015 
0.587773 
-0.951052 
0.951061 
-0.587798 
0.000015 
0.587773 
-0.951052 
0.951061 
-0.587798 
0.000016 
0.587773 
-0.951052 
0.951061 
-0.587798 
0.000016 
0.587772 
-0.951052 
0.951061 
-0.587798 
0.000016 
0.587772 
-0.951052 
0.951061 
-0.587798 
0.000016 
0.587772 
-0.951052 
0.951062 
-0.587798 
0.000016 
0.587772 
-0.951051 
0.951062 
-0.587799 
0.000017 
0.587772 
-0.951051 
0.951062 
-0.587799 
0.000017 
0.587772 
-0.951051 
0.951062 
-0.587799 
0.000017 
0.587772 
-0.951051 
0.951062 
-0.587799 
0.000017 
0.587771 
-0.951051 
0.951062 
-0.587799 
0.000017 
0.587771 
-0.951051 
0.951062 
-0.587799 
0.000017 
0.587771 
-0.951051 
0.951062 
-0.587799 
0.000018 
0.587771 
-0.951051 
0.951062 
-0.587800 
0.000018 
0.587771 
-0.951051 
0.951062 
-0.587800 
0.000018 
0.587771 
-0.951051 
0.951062 
-0.587800 
0.000018 
0.587771 
-0.951051 
0.951062 
-0.587800 
0.000018 
0.587770 
-0.951051 
0.951062 
-0.587800 
0.000019 
0.587770 
-0.951051 
0.951062 
-0.587800 
0.000019 
0.587770 
-0.951051 
0.951062 
-0.587801 
0.000019 
0.587770 
-0.951051 
0.951062 
-0.587801 
0.000019 
0.587770 
-0.951051 
0.951062 
-0.587801 
0.000019 
0.587770 
-0.951051 
0.951063 
-0.587801 
0.000019 
0.587769 
-0.951050 
0.951063 
-0.587801 
0.000020 
0.587769 
-0.951050 
0.951063 
-0.587801 
0.000020 
0.587769 
-0.951050 
0.951063 
-0.587801 
0.000020 
0.587769 
-0.951050 
0.951063 
-0.587802 
0.000020 
0.587769 
-0.951050 
0.951063 
-0.587802 
0.000020 
0.587769 
-0.951050 
0.951063 
-0.587802 
0.000021 
0.587769 
-0.951050 
0.951063 
-0.587802 
0.000021 
0.587768 
-0.951050 
0.951063 
-0.587802 
0.000021 
0.587768 
-0.951050 
0.951063 
-0.587802 
0.000021 
0.587768 
-0.951050 
0.951063 
-0.587802 
0.000021 
0.587768 
-0.951050 
0.951063 
-0.587803 
0.000022 
0.587768 
-0.951050 
0.951063 
-0.587803 
0.000022 
0.587768 
-0.951050 
0.951063 
-0.587803 
0.000022 
0.587768 
-0.951050 
0.951063 
-0.587803 
0.000022 
0.587767 
-0.951050 
0.951063 
-0.587803 
0.000022 
0.587767 
-0.951050 
0.951063 
-0.587803 
0.000022 
0.587767 
-0.951050 
0.951063 
-0.587804 
0.000023 
0.587767 
-0.951049 
0.951064 
-0.587804 
0.000023 
0.587767 
-0.951049 
0.951064 
-0.587804 
0.000023 
0.587767 
-0.951049 
0.951064 
-0.587804 
0.000023 
0.587766 
-0.951049 
0.951064 
-0.587804 
0.000023 
0.587766 
-0.951049 
0.951064 
-0.587804 
0.000024 
0.587766 
-0.951049 
0.951064 
-0.587804 
0.000024 
0.587766 
-0.951049 
0.951064 
-0.587805 
0.000024 
0.587766 
-0.951049 
0.951064 
-0.587805 
0.000024 
0.587766 
-0.951049 
0.951064 
-0.587805 
0.000024 
0.587766 
-0.951049 
0.951064 
-0.587805 
0.000025 
0.587765 
-0.951049 
0.951064 
-0.587805 
0.000025 
0.587765 
-0.951049 
0.951064 
-0.587805 
0.000025 
0.587765 
-0.951049 
0.951064 
-0.587805 
0.000025 
0.587765 
-0.951049 
0.951064 
-0.587806 
0.000025 
0.587765 
-0.951049 
0.951064 
-0.587806 
0.000025 
0.587765 
-0.951049 
0.951064 
-0.587806 
0.000026 
0.587764 
-0.951049 
0.951064 
-0.587806 
0.000026 
0.587764 
-0.951049 
0.951065 
-0.587806 
0.000026 
0.587764 
-0.951048 
0.951065 
-0.587806 
0.000026 
0.587764 
-0.951048 
0.951065 
-0.587807 
0.000026 
0.587764 
-0.951048 
0.951065 
-0.587807 
0.000027 
0.587764 
-0.951048 
0.951065 
-0.587807 
0.000027 
0.587764 
-0.951048 
0.951065 
-0.587807 
0.000027 
0.587763 
-0.951048 
0.951065 
-0.587807 
0.000027 
0.587763 
-0.951048 
0.951065 
-0.587807 
0.000027 
0.587763 
-0.951048 
0.951065 
-0.587807 
0.000027 
0.587763 
-0.951048 
0.951065 
-0.587808 
0.000028 
0.587763 
-0.951048 
0.951065 
-0.587808 
0.000028 
0.587763 
-0.951048 
0.951065 
-0.587808 
0.000028 
0.587763 
-0.951048 
0.951065 
-0.587808 
0.000028 
0.587762 
-0.951048 
0.951065 
-0.587808 
0.000028 
0.587762 
-0.951048 
0.951065 
-0.587808 
0.000029 
0.587762 
-0.951048 
0.951065 
-0.587809 
0.000029 
0.587762 
-0.951048 
0.951065 
-0.587809 
0.000029 
0.587762 
-0.951048 
0.951065 
-0.587809 
0.000029 
0.587762 
-0.951047 
0.951066 
-0.587809 
0.000029 
0.587761 
-0.951047 
0.951066 
-0.587809 
0.000030 
0.587761 
-0.951047 
0.951066 
-0.587809 
0.000030 
0.587761 
-0.951047 
0.951066 
-0.587809 
0.000030 
0.587761 
-0.951047 
0.951066 
-0.587810 
0.000030 
0.587761 
-0.951047 
0.951066 
-0.587810 
0.000030 
0.587761 
-0.951047 
0.951066 
-0.587810 
0.000030 
0.587761 
-0.951047 
0.951066 
-0.587810 
0.000031 
0.587760 
-0.951047 
0.951066 
-0.587810 
0.000031 
0.587760 
-0.951047 
0.951066 
-0.587810 
0.000031 
0.587760 
-0.951047 
0.951066 
-0.587810 
0.000031 
0.587760 
-0.951047 
0.951066 
-0.587811 
0.000031 
0.587760 
-0.951047 
0.951066 
-0.587811 
0.000032 
0.587760 
-0.951047 
0.951066 
-0.587811 
0.000032 
0.587760 
-0.951047 
0.951066 
-0.587811 
0.000032 
0.587759 
-0.951047 
0.951066 
-0.587811 
0.000032 
0.587759 
-0.951047 
0.951066 
-0.587811 
0.000032 
0.587759 
-0.951047 
0.951067 
-0.587812 
0.000032 
0.587759 
-0.951046 
0.951067 
-0.587812 
0.000033 
0.587759 
-0.951046 
0.951067 
-0.587812 
0.000033 
0.587759 
-0.951046 
0.951067 
-0.587812 
0.000033 
0.587758 
-0.951046 
0.951067 
-0.587812 
0.000033 
0.587758 
-0.951046 
0.951067 
-0.587812 
0.000033 
0.587758 
-0.951046 
0.951067 
-0.587812 
0.000034 
0.587758 
-0.951046 
0.951067 
-0.587813 
0.000034 
0.587758 
-0.951046 
0.951067 
-0.587813 
0.000034 
0.587758 
-0.951046 
0.951067 
-0.587813 
0.000034 
0.587758 
-0.951046 
0.951067 
-0.587813 
0.000034 
0.587757 
-0.951046 
0.951067 
-0.587813 
0.000035 
0.587757 
-0.951046 
0.951067 
-0.587813 
0.000035 
0.587757 
-0.951046 
0.951067 
-0.587813 
0.000035 
0.587757 
-0.951046 
0.951067 
-0.587814 
0.000035 
0.587757 
-0.951046 
0.951067 
-0.587814 
0.000035 
0.587757 
-0.951046 
0.951067 
-0.587814 
0.000035 
0.587757 
-0.951046 
0.951068 
-0.587814 
0.000036 
0.587756 
-0.951045 
0.951068 
-0.587814 
0.000036 
0.587756 
-0.951045 
0.951068 
-0.587814 
0.000036 
0.587756 
-0.951045 
0.951068 
-0.587815 
0.000036 
0.587756 
-0.951045 
0.951068 
-0.587815 
0.000036 
0.587756 
-0.951045 
0.951068 
-0.587815 
0.000037 
0.587756 
-0.951045 
0.951068 
-0.587815 
0.000037 
0.587755 
-0.951045 
0.951068 
-0.587815 
0.000037 
0.587755 
-0.951045 
0.951068 
-0.587815 
0.000037 
0.587755 
-0.951045 
0.951068 
-0.587815 
0.000037 
0.587755 
-0.951045 
0.951068 
-0.587816 
0.000037 
0.587755 
-0.951045 
0.951068 
-0.587816 
0.000038 
0.587755 
-0.951045 
0.951068 
-0.587816 
0.000038 
0.587755 
-0.951045 
0.951068 
