0.000000
0.290284
0.555570
0.773010
0.923879
0.995185
0.980786
0.881922
0.707108
0.471399
0.195093
-0.098014
-0.382681
-0.634391
-0.831468
-0.956939
-1.000000
-0.956942
-0.831472
-0.634397
-0.382688
-0.098022
0.195085
0.471392
0.707103
0.881918
0.980784
0.995185
0.923882
0.773015
0.555576
0.290292
0.000008
-0.290277
-0.555563
-0.773005
-0.923876
-0.995184
-0.980787
-0.881926
-0.707114
-0.471406
-0.195101
0.098006
0.382673
0.634385
0.831463
0.956937
1.000000
0.956944
0.831477
0.634403
0.382695
0.098030
-0.195077
-0.471385
-0.707097
-0.881915
-0.980782
-0.995186
-0.923885
-0.773020
-0.555583
-0.290300
-0.000016
0.290269
0.555557
0.773000
0.923873
0.995183
0.980789
0.881930
0.707119
0.471413
0.195108
-0.097999
-0.382666
-0.634378
-0.831459
-0.956935
-1.000000
-0.956946
-0.831481
-0.634409
-0.382703
-0.098038
0.195069
0.471378
0.707091
0.881911
0.980781
0.995187
0.923888
0.773025
0.555590
0.290307
0.000024
-0.290262
-0.555550
-0.772995
-0.923870
-0.995182
-0.980790
-0.881933
-0.707125
-0.471420
-0.195116
0.097991
0.382659
0.634372
0.831454
0.956932
1.000000
0.956948
0.831485
0.634415
0.382710
0.098046
-0.195062
-0.471371
-0.707086
-0.881907
-0.980779
-0.995188
-0.923891
-0.773030
-0.555596
-0.290315
-0.000032
0.290254
0.555543
0.772990
0.923867
0.995181
0.980792
0.881937
0.707131
0.471427
0.195124
-0.097983
-0.382651
-0.634366
-0.831450
-0.956930
-1.000000
-0.956951
-0.831490
-0.634422
-0.382717
-0.098054
0.195054
0.471364
0.707080
0.881903
0.980778
0.995189
0.923894
0.773035
0.555603
0.290323
0.000040
-0.290246
-0.555537
-0.772985
-0.923864
-0.995181
-0.980793
-0.881941
-0.707136
-0.471434
-0.195132
0.097975
0.382644
0.634360
0.831446
0.956928
1.000000
0.956953
0.831494
0.634428
0.382725
0.098062
-0.195046
-0.471357
-0.707074
-0.881900
-0.980776
-0.995189
-0.923897
-0.773040
-0.555610
-0.290330
-0.000048
0.290239
0.555530
0.772980
0.923861
0.995180
0.980795
0.881945
0.707142
0.471441
0.195140
-0.097967
-0.382637
-0.634354
-0.831441
-0.956925
-1.000000
-0.956955
-0.831499
-0.634434
-0.382732
-0.098070
0.195038
0.471350
0.707069
0.881896
0.980775
0.995190
0.923900
0.773045
0.555616
0.290338
0.000056
-0.290231
-0.555523
-0.772975
-0.923858
-0.995179
-0.980796
-0.881948
-0.707148
-0.471448
-0.195147
0.097959
0.382629
0.634348
0.831437
0.956923
1.000000
0.956958
0.831503
0.634440
0.382740
0.098078
-0.195030
-0.471343
-0.707063
-0.881892
-0.980773
-0.995191
-0.923904
-0.773050
-0.555623
-0.290345
-0.000064
0.290223
0.555517
0.772970
0.923855
0.995178
0.980798
0.881952
0.707153
0.471455
0.195155
-0.097951
-0.382622
-0.634342
-0.831432
-0.956921
-1.000000
-0.956960
-0.831507
-0.634446
-0.382747
-0.098086
0.195022
0.471336
0.707058
0.881888
0.980772
0.995192
0.923907
0.773055
0.555629
0.290353
0.000072
-0.290216
-0.555510
-0.772965
-0.923852
-0.995178
-0.980800
-0.881956
-0.707159
-0.471462
-0.195163
0.097943
0.382614
0.634335
0.831428
0.956918
1.000000
0.956962
0.831512
0.634452
0.382754
0.098094
-0.195015
-0.471329
-0.707052
-0.881885
-0.980770
-0.995192
-0.923910
-0.773060
-0.555636
-0.290361
-0.000080
0.290208
0.555504
0.772959
0.923849
0.995177
0.980801
0.881960
0.707164
0.471469
0.195171
-0.097935
-0.382607
-0.634329
-0.831423
-0.956916
-1.000000
-0.956965
-0.831516
-0.634458
-0.382762
-0.098102
0.195007
0.471321
0.707046
0.881881
0.980768
0.995193
0.923913
0.773066
0.555643
0.290368
0.000088
-0.290201
-0.555497
-0.772954
-0.923846
-0.995176
-0.980803
-0.881963
-0.707170
-0.471476
-0.195179
0.097927
0.382600
0.634323
0.831419
0.956914
1.000000
0.956967
0.831521
0.634465
0.382769
0.098109
-0.194999
-0.471314
-0.707041
-0.881877
-0.980767
-0.995194
-0.923916
-0.773071
-0.555649
-0.290376
-0.000096
0.290193
0.555490
0.772949
0.923843
0.995175
0.980804
0.881967
0.707176
0.471483
0.195186
-0.097919
-0.382592
-0.634317
-0.831415
-0.956912
-1.000000
-0.956969
-0.831525
-0.634471
-0.382776
-0.098117
0.194991
0.471307
0.707035
0.881873
0.980765
0.995195
0.923919
0.773076
0.555656
0.290383
0.000103
-0.290185
-0.555484
-0.772944
-0.923840
-0.995174
-0.980806
-0.881971
-0.707181
-0.471490
-0.195194
0.097911
0.382585
0.634311
0.831410
0.956909
1.000000
0.956972
0.831530
0.634477
0.382784
0.098125
-0.194983
-0.471300
-0.707029
-0.881870
-0.980764
-0.995196
-0.923922
-0.773081
-0.555662
-0.290391
-0.000111
0.290178
0.555477
0.772939
0.923836
0.995174
0.980807
0.881975
0.707187
0.471497
0.195202
-0.097904
-0.382578
-0.634305
-0.831406
-0.956907
-1.000000
-0.956974
-0.831534
-0.634483
-0.382791
-0.098133
0.194976
0.471293
0.707024
0.881866
0.980762
0.995196
0.923925
0.773086
0.555669
0.290399
0.000119
-0.290170
-0.555471
-0.772934
-0.923833
-0.995173
-0.980809
-0.881978
-0.707193
-0.471504
-0.195210
0.097896
0.382570
0.634298
0.831401
0.956905
1.000000
0.956976
0.831538
0.634489
0.382798
0.098141
-0.194968
-0.471286
-0.707018
-0.881862
-0.980761
-0.995197
-0.923928
-0.773091
-0.555676
-0.290406
-0.000127
0.290163
0.555464
0.772929
0.923830
0.995172
0.980810
0.881982
0.707198
0.471511
0.195218
-0.097888
-0.382563
-0.634292
-0.831397
-0.956902
-1.000000
-0.956979
-0.831543
-0.634495
-0.382806
-0.098149
0.194960
0.471279
0.707012
0.881858
0.980759
0.995198
0.923931
0.773096
0.555682
0.290414
0.000135
-0.290155
-0.555457
-0.772924
-0.923827
-0.995171
-0.980812
-0.881986
-0.707204
-0.471518
-0.195225
0.097880
0.382556
0.634286
0.831392
0.956900
1.000000
0.956981
0.831547
0.634502
0.382813
0.098157
-0.194952
-0.471272
-0.707007
-0.881855
-0.980758
-0.995199
-0.923934
-0.773101
-0.555689
-0.290422
-0.000143
0.290147
0.555451
0.772919
0.923824
0.995171
0.980814
0.881990
0.707210
0.471525
0.195233
-0.097872
-0.382548
-0.634280
-0.831388
-0.956898
-1.000000
-0.956983
-0.831552
-0.634508
-0.382820
-0.098165
0.194944
0.471265
0.707001
0.881851
0.980756
0.995199
0.923937
0.773106
0.555696
0.290429
0.000151
-0.290140
-0.555444
-0.772914
-0.923821
-0.995170
-0.980815
-0.881993
-0.707215
-0.471532
-0.195241
0.097864
0.382541
0.634274
0.831384
0.956895
1.000000
0.956985
0.831556
0.634514
0.382828
0.098173
-0.194937
-0.471258
-0.706996
-0.881847
-0.980754
-0.995200
-0.923940
-0.773111
-0.555702
-0.290437
-0.000159
0.290132
0.555437
0.772909
0.923818
0.995169
0.980817
0.881997
0.707221
0.471539
0.195249
-0.097856
-0.382534
-0.634268
-0.831379
-0.956893
-1.000000
-0.956988
-0.831561
-0.634520
-0.382835
-0.098181
0.194929
0.471251
0.706990
0.881843
0.980753
0.995201
0.923943
0.773116
0.555709
0.290444
0.000167
-0.290124
-0.555431
-0.772904
-0.923815
-0.995168
-0.980818
-0.882001
-0.707226
-0.471546
-0.195257
0.097848
0.382526
0.634262
0.831375
0.956891
1.000000
0.956990
0.831565
0.634526
0.382842
0.098189
-0.194921
-0.471244
-0.706984
-0.881840
-0.980751
-0.995202
-0.923946
-0.773121
-0.555715
-0.290452
-0.000175
0.290117
0.555424
0.772899
0.923812
0.995167
0.980820
0.882005
0.707232
0.471553
0.195265
-0.097840
-0.382519
-0.634255
-0.831370
-0.956888
-1.000000
-0.956992
-0.831569
-0.634532
-0.382850
-0.098197
0.194913
0.471237
0.706979
0.881836
0.980750
0.995203
0.923949
0.773126
0.555722
0.290460
0.000183
-0.290109
-0.555418
-0.772894
-0.923809
-0.995167
-0.980821
-0.882008
-0.707238
-0.471560
-0.195272
0.097832
0.382512
0.634249
0.831366
0.956886
1.000000
0.956995
0.831574
0.634538
0.382857
0.098205
-0.194905
-0.471230
-0.706973
-0.881832
-0.980748
-0.995203
-0.923952
-0.773131
-0.555729
-0.290467
-0.000191
0.290102
0.555411
0.772889
0.923806
0.995166
0.980823
0.882012
0.707243
0.471567
0.195280
-0.097824
-0.382504
-0.634243
-0.831362
-0.956884
-1.000000
-0.956997
-0.831578
-0.634545
-0.382865
-0.098212
0.194898
0.471223
0.706967
0.881828
0.980747
0.995204
0.923955
0.773136
0.555735
0.290475
0.000199
-0.290094
-0.555404
-0.772884
-0.923803
-0.995165
-0.980824
-0.882016
-0.707249
-0.471574
-0.195288
0.097816
0.382497
0.634237
0.831357
0.956881
1.000000
0.956999
0.831583
0.634551
0.382872
0.098220
-0.194890
-0.471216
-0.706962
-0.881824
-0.980745
-0.995205
-0.923958
-0.773141
-0.555742
-0.290483
-0.000207
0.290086
0.555398
0.772879
0.923800
0.995164
0.980826
0.882020
0.707255
0.471581
0.195296
-0.097808
-0.382489
-0.634231
-0.831353
-0.956879
-1.000000
-0.957002
-0.831587
-0.634557
-0.382879
-0.098228
0.194882
0.471209
0.706956
0.881821
0.980744
0.995206
0.923961
0.773146
0.555749
0.290490
0.000215
-0.290079
-0.555391
-0.772874
-0.923797
-0.995164
-0.980827
-0.882023
-0.707260
-0.471588
-0.195304
0.097801
0.382482
0.634225
0.831348
0.956877
1.000000
0.957004
0.831591
0.634563
0.382887
0.098236
-0.194874
-0.471202
-0.706951
-0.881817
-0.980742
-0.995206
-0.923964
-0.773151
-0.555755
-0.290498
-0.000223
0.290071
0.555384
0.772869
0.923794
0.995163
0.980829
0.882027
0.707266
0.471595
0.195311
-0.097793
-0.382475
-0.634218
-0.831344
-0.956875
-1.000000
-0.957006
-0.831596
-0.634569
-0.382894
-0.098244
0.194866
0.471195
0.706945
0.881813
0.980741
0.995207
0.923967
0.773156
0.555762
0.290505
0.000231
-0.290064
-0.555378
-0.772864
-0.923791
-0.995162
-0.980831
-0.882031
-0.707271
-0.471602
-0.195319
0.097785
0.382467
0.634212
0.831339
0.956872
1.000000
0.957009
0.831600
0.634575
0.382901
0.098252
-0.194859
-0.471188
-0.706939
-0.881809
-0.980739
-0.995208
-0.923971
-0.773161
-0.555768
-0.290513
-0.000239
0.290056
0.555371
0.772858
0.923788
0.995161
0.980832
0.882035
0.707277
0.471609
0.195327
-0.097777
-0.382460
-0.634206
-0.831335
-0.956870
-1.000000
-0.957011
-0.831605
-0.634582
-0.382909
-0.098260
0.194851
0.471181
0.706934
0.881806
0.980737
0.995209
0.923974
0.773167
0.555775
0.290521
0.000247
-0.290048
-0.555365
-0.772853
-0.923785
-0.995160
-0.980834
-0.882038
-0.707283
-0.471616
-0.195335
0.097769
0.382453
0.634200
0.831331
0.956868
1.000000
0.957013
0.831609
0.634588
0.382916
0.098268
-0.194843
-0.471174
-0.706928
-0.881802
-0.980736
-0.995210
-0.923977
-0.773172
-0.555782
-0.290528
-0.000255
0.290041
0.555358
0.772848
0.923782
0.995160
0.980835
0.882042
0.707288
0.471623
0.195343
-0.097761
-0.382445
-0.634194
-0.831326
-0.956865
-1.000000
-0.957015
-0.831614
-0.634594
-0.382923
-0.098276
0.194835
0.471167
0.706922
0.881798
0.980734
0.995210
0.923980
0.773177
0.555788
0.290536
0.000263
-0.290033
-0.555351
-0.772843
-0.923779
-0.995159
-0.980837
-0.882046
-0.707294
-0.471630
-0.195350
0.097753
0.382438
0.634188
0.831322
0.956863
1.000000
0.957018
0.831618
0.634600
0.382931
0.098284
-0.194827
-0.471160
-0.706917
-0.881794
-0.980733
-0.995211
-0.923983
-0.773182
-0.555795
-0.290543
-0.000271
0.290025
0.555345
0.772838
0.923776
0.995158
0.980838
0.882050
0.707300
0.471637
0.195358
-0.097745
-0.382431
-0.634182
-0.831317
-0.956861
-1.000000
-0.957020
-0.831622
-0.634606
-0.382938
-0.098292
0.194819
0.471153
0.706911
0.881791
0.980731
0.995212
0.923986
0.773187
0.555801
0.290551
0.000279
-0.290018
-0.555338
-0.772833
-0.923772
-0.995157
-0.980840
-0.882053
-0.707305
-0.471644
-0.195366
0.097737
0.382423
0.634175
0.831313
0.956858
1.000000
0.957022
0.831627
0.634612
0.382945
0.098300
-0.194812
-0.471146
-0.706906
-0.881787
-0.980730
-0.995213
-0.923989
-0.773192
-0.555808
-0.290559
-0.000287
0.290010
0.555332
0.772828
0.923769
0.995156
0.980841
0.882057
0.707311
0.471651
0.195374
-0.097729
-0.382416
-0.634169
-0.831308
-0.956856
-1.000000
-0.957025
-0.831631
-0.634618
-0.382953
-0.098308
0.194804
0.471139
0.706900
0.881783
0.980728
0.995213
0.923992
0.773197
0.555815
0.290566
0.000295
-0.290003
-0.555325
-0.772823
-0.923766
-0.995156
-0.980843
-0.882061
-0.707316
-0.471658
-0.195382
0.097721
0.382409
0.634163
0.831304
0.956854
1.000000
0.957027
0.831636
0.634625
0.382960
0.098315
-0.194796
-0.471132
-0.706894
-0.881779
-0.980727
-0.995214
-0.923995
-0.773202
-0.555821
-0.290574
-0.000303
0.289995
0.555318
0.772818
0.923763
0.995155
0.980845
0.882065
0.707322
0.471665
0.195389
-0.097713
-0.382401
-0.634157
-0.831300
-0.956851
-1.000000
-0.957029
-0.831640
-0.634631
-0.382967
-0.098323
0.194788
0.471125
0.706889
0.881776
0.980725
0.995215
0.923998
0.773207
0.555828
0.290582
0.000310
-0.289987
-0.555312
-0.772813
-0.923760
-0.995154
-0.980846
-0.882068
-0.707328
-0.471672
-0.195397
0.097705
0.382394
0.634151
0.831295
0.956849
1.000000
0.957032
0.831645
0.634637
0.382975
0.098331
-0.194780
-0.471118
-0.706883
-0.881772
-0.980723
-0.995216
-0.924001
-0.773212
-0.555835
-0.290589
-0.000318
0.289980
0.555305
0.772808
0.923757
0.995153
0.980848
0.882072
0.707333
0.471680
0.195405
-0.097698
-0.382386
-0.634145
-0.831291
-0.956847
-1.000000
-0.957034
-0.831649
-0.634643
-0.382982
-0.098339
0.194773
0.471111
0.706877
0.881768
0.980722
0.995217
0.924004
0.773217
0.555841
0.290597
0.000326
-0.289972
-0.555298
-0.772803
-0.923754
-0.995153
-0.980849
-0.882076
-0.707339
-0.471687
-0.195413
0.097690
0.382379
0.634138
0.831286
0.956844
1.000000
0.957036
0.831653
0.634649
0.382990
0.098347
-0.194765
-0.471104
-0.706872
-0.881764
-0.980720
-0.995217
-0.924007
-0.773222
-0.555848
-0.290604
-0.000334
0.289964
0.555292
0.772798
0.923751
0.995152
0.980851
0.882080
0.707345
0.471694
0.195421
-0.097682
-0.382372
-0.634132
-0.831282
-0.956842
-1.000000
-0.957039
-0.831658
-0.634655
-0.382997
-0.098355
0.194757
0.471097
0.706866
0.881761
0.980719
0.995218
0.924010
0.773227
0.555854
0.290612
0.000342
-0.289957
-0.555285
-0.772793
-0.923748
-0.995151
-0.980852
-0.882083
-0.707350
-0.471701
-0.195428
0.097674
0.382364
0.634126
0.831277
0.956840
1.000000
0.957041
0.831662
0.634662
0.383004
0.098363
-0.194749
-0.471090
-0.706860
-0.881757
-0.980717
-0.995219
-0.924013
-0.773232
-0.555861
-0.290620
-0.000350
0.289949
0.555279
0.772788
0.923745
0.995150
0.980854
0.882087
0.707356
0.471708
0.195436
-0.097666
-0.382357
-0.634120
-0.831273
-0.956838
-1.000000
-0.957043
-0.831667
-0.634668
-0.383012
-0.098371
0.194741
0.471083
0.706855
0.881753
0.980716
0.995220
0.924016
0.773237
0.555868
0.290627
0.000358
-0.289942
-0.555272
-0.772783
-0.923742
-0.995149
-0.980855
-0.882091
-0.707361
-0.471715
-0.195444
0.097658
0.382350
0.634114
0.831269
0.956835
1.000000
0.957045
0.831671
0.634674
0.383019
0.098379
-0.194734
-0.471076
-0.706849
-0.881749
-0.980714
-0.995220
-0.924019
-0.773242
-0.555874
-0.290635
-0.000366
0.289934
0.555265
0.772778
0.923739
0.995149
0.980857
0.882095
0.707367
0.471722
0.195452
-0.097650
-0.382342
-0.634108
-0.831264
-0.956833
-1.000000
-0.957048
-0.831675
-0.634680
-0.383026
-0.098387
0.194726
0.471069
0.706844
0.881746
0.980713
0.995221
0.924022
0.773247
0.555881
0.290642
0.000374
-0.289926
-0.555259
-0.772773
-0.923736
-0.995148
-0.980858
-0.882098
-0.707373
-0.471729
-0.195460
0.097642
0.382335
0.634102
0.831260
0.956831
1.000000
0.957050
0.831680
0.634686
0.383034
0.098395
-0.194718
-0.471062
-0.706838
-0.881742
-0.980711
-0.995222
-0.924025
-0.773252
-0.555887
-0.290650
-0.000382
0.289919
0.555252
0.772768
0.923733
0.995147
0.980860
0.882102
0.707378
0.471736
0.195468
-0.097634
-0.382328
-0.634095
-0.831255
-0.956828
-1.000000
-0.957052
-0.831684
-0.634692
-0.383041
-0.098403
0.194710
0.471055
0.706832
0.881738
0.980709
0.995223
0.924028
0.773257
0.555894
0.290658
0.000390
-0.289911
-0.555245
-0.772762
-0.923730
-0.995146
-0.980862
-0.882106
-0.707384
-0.471743
-0.195475
0.097626
0.382320
0.634089
0.831251
0.956826
1.000000
0.957055
0.831689
0.634698
0.383048
0.098411
-0.194702
-0.471048
-0.706827
-0.881734
-0.980708
-0.995224
-0.924031
-0.773262
-0.555901
-0.290665
-0.000398
0.289904
0.555239
0.772757
0.923727
0.995146
0.980863
0.882110
0.707390
0.471750
0.195483
-0.097618
-0.382313
-0.634083
-0.831246
-0.956824
-1.000000
-0.957057
-0.831693
-0.634705
-0.383056
-0.098418
0.194695
0.471041
0.706821
0.881731
0.980706
0.995224
0.924034
0.773267
0.555907
0.290673
0.000406
-0.289896
-0.555232
-0.772752
-0.923724
-0.995145
-0.980865
-0.882113
-0.707395
-0.471757
-0.195491
0.097610
0.382306
0.634077
0.831242
0.956821
1.000000
0.957059
0.831698
0.634711
0.383063
0.098426
-0.194687
-0.471034
-0.706815
-0.881727
-0.980705
-0.995225
-0.924037
-0.773273
-0.555914
-0.290681
-0.000414
0.289888
0.555226
0.772747
0.923721
0.995144
0.980866
0.882117
0.707401
0.471764
0.195499
-0.097602
-0.382298
-0.634071
-0.831238
-0.956819
-1.000000
-0.957062
-0.831702
-0.634717
-0.383070
-0.098434
0.194679
0.471027
0.706810
0.881723
0.980703
0.995226
0.924041
0.773278
0.555921
0.290688
0.000422
-0.289881
-0.555219
-0.772742
-0.923718
-0.995143
-0.980868
-0.882121
-0.707406
-0.471771
-0.195507
0.097595
0.382291
0.634065
0.831233
0.956817
1.000000
0.957064
0.831706
0.634723
0.383078
0.098442
-0.194671
-0.471020
-0.706804
-0.881719
-0.980702
-0.995227
-0.924044
-0.773283
-0.555927
-0.290696
-0.000430
0.289873
0.555212
0.772737
0.923715
0.995142
0.980869
0.882125
0.707412
0.471778
0.195514
-0.097587
-0.382283
-0.634058
-0.831229
-0.956814
-1.000000
-0.957066
-0.831711
-0.634729
-0.383085
-0.098450
0.194663
0.471013
0.706799
0.881716
0.980700
0.995227
0.924047
0.773288
0.555934
0.290703
0.000438
-0.289865
-0.555206
-0.772732
-0.923712
-0.995142
-0.980871
-0.882128
-0.707418
-0.471785
-0.195522
0.097579
0.382276
0.634052
0.831224
0.956812
1.000000
0.957069
0.831715
0.634735
0.383093
0.098458
-0.194656
-0.471006
-0.706793
-0.881712
-0.980699
-0.995228
-0.924050
-0.773293
-0.555940
-0.290711
-0.000446
0.289858
0.555199
0.772727
0.923708
0.995141
0.980872
0.882132
0.707423
0.471792
0.195530
-0.097571
-0.382269
-0.634046
-0.831220
-0.956810
-1.000000
-0.957071
-0.831720
-0.634741
-0.383100
-0.098466
0.194648
0.470998
0.706787
0.881708
0.980697
0.995229
0.924053
0.773298
0.555947
0.290719
0.000454
-0.289850
-0.555192
-0.772722
-0.923705
-0.995140
-0.980874
-0.882136
-0.707429
-0.471799
-0.195538
0.097563
0.382261
0.634040
0.831215
0.956807
1.000000
0.957073
0.831724
0.634748
0.383107
0.098474
-0.194640
-0.470991
-0.706782
-0.881704
-0.980695
-0.995230
-0.924056
-0.773303
-0.555954
-0.290726
-0.000462
0.289843
0.555186
0.772717
0.923702
0.995139
0.980876
0.882140
0.707435
0.471806
0.195546
-0.097555
-0.382254
-0.634034
-0.831211
-0.956805
-1.000000
-0.957075
-0.831729
-0.634754
-0.383115
-0.098482
0.194632
0.470984
0.706776
0.881701
0.980694
0.995231
0.924059
0.773308
0.555960
0.290734
0.000470
-0.289835
-0.555179
-0.772712
-0.923699
-0.995138
-0.980877
-0.882143
-0.707440
-0.471813
-0.195553
0.097547
0.382247
0.634028
0.831207
0.956803
1.000000
0.957078
0.831733
0.634760
0.383122
0.098490
-0.194624
-0.470977
-0.706770
-0.881697
-0.980692
-0.995231
-0.924062
-0.773313
-0.555967
-0.290741
-0.000478
0.289827
0.555173
0.772707
0.923696
0.995138
0.980879
0.882147
0.707446
0.471820
0.195561
-0.097539
-0.382239
-0.634021
-0.831202
-0.956800
-1.000000
-0.957080
-0.831737
-0.634766
-0.383129
-0.098498
0.194616
0.470970
0.706765
0.881693
0.980691
0.995232
0.924065
0.773318
0.555974
0.290749
0.000486
-0.289820
-0.555166
-0.772702
-0.923693
-0.995137
-0.980880
-0.882151
-0.707451
-0.471827
-0.195569
0.097531
0.382232
0.634015
0.831198
0.956798
1.000000
0.957082
0.831742
0.634772
0.383137
0.098506
-0.194609
-0.470963
-0.706759
-0.881689
-0.980689
-0.995233
-0.924068
-0.773323
-0.555980
-0.290757
-0.000494
0.289812
0.555159
0.772697
0.923690
0.995136
0.980882
0.882155
0.707457
0.471834
0.195577
-0.097523
-0.382225
-0.634009
-0.831193
-0.956796
-1.000000
-0.957085
-0.831746
-0.634778
-0.383144
-0.098514
0.194601
0.470956
0.706753
0.881686
0.980688
0.995234
0.924071
0.773328
0.555987
0.290764
0.000502
-0.289804
-0.555153
-0.772692
-0.923687
-0.995135
-0.980883
-0.882158
-0.707463
-0.471841
-0.195585
0.097515
0.382217
0.634003
0.831189
0.956794
1.000000
0.957087
0.831751
0.634785
0.383151
0.098521
-0.194593
-0.470949
-0.706748
-0.881682
-0.980686
-0.995234
-0.924074
-0.773333
-0.555993
-0.290772
