0.000000
0.000000
0.086761
-3.666595
0.275687
-4.158094
0.059189
-3.467229
1.006181
-6.111764
0.080656
-3.635638
0.812734
-5.126482
0.493572
-4.246374
-4.556042
2.304114
0.004844
-3.299634
0.282974
-3.435444
0.331604
-3.629288
-2.427787
-1.668092
-0.288639
-3.291618
-1.173229
-3.026445
-0.435631
-3.377770
-4.296689
-4.174839
0.825258
-3.296257
2.235458
-2.759957
0.546451
-3.272053
5.872182
-0.414097
0.078901
-3.546365
2.442795
-2.148579
1.508304
-2.549069
0.882849
1.155254
-0.932558
-4.789785
-0.945210
-5.287034
0.815376
-2.746362
-9.379742
-18.109605
-0.952575
-5.516766
-4.458337
-14.190429
-1.601993
-8.653170
3.000000
30.262528
0.353206
-4.200887
0.919283
-7.073363
0.473688
-6.740680
-0.133899
7.212860
-0.436433
-2.440672
-2.074936
2.082792
-0.874706
-2.036784
11.584223
-16.464998
-0.311865
-3.983204
-0.635800
-3.781271
-0.197911
-4.065833
1.081953
-4.796252
0.014560
-4.327149
0.312529
-4.371513
0.267938
-4.445208
7.721029
-3.795361
-0.537150
-4.646316
-0.805919
-4.904675
0.343126
-4.736098
-5.742142
-6.200138
-0.533111
-5.011489
-3.421708
-6.287290
-1.449603
-5.757735
3.075043
-3.488082
0.106066
-5.136023
-0.328022
-5.626491
-0.387713
-5.864279
1.447438
-3.485056
0.063776
-5.555092
0.055184
-5.572201
-0.069615
-6.041388
0.000000
-0.000000
0.037854
-6.428785
0.110309
-7.206569
0.053680
-7.077343
0.281934
-6.296011
0.000946
-6.946406
0.088007
-7.253701
0.107195
-7.642800
1.456137
-8.833415
-0.026595
-7.997885
0.239003
-8.590260
0.268521
-8.930072
-0.415869
-8.580026
0.012011
-9.493039
0.770602
-10.294676
0.725238
-10.748523
2.037336
-10.380148
-0.099092
-11.758934
1.529161
-12.666759
2.149201
-13.379997
-10.224433
-15.635042
-0.916026
-15.887318
-7.016130
-19.397223
-2.725828
-20.140753
4.877530
-18.171723
0.031893
-24.112178
-1.105521
-28.905729
-0.628672
-34.067868
0.663436
-40.492522
-0.086186
-55.266745
-1.578052
-85.102551
-0.820496
-165.672620
-495.000000
1027.296558
0.014090
161.992270
-0.335359
76.480029
-0.004435
49.427759
-1.079259
53.512155
-0.170320
32.730325
-2.256770
34.146914
-1.039256
25.084745
2.127212
16.198101
0.004826
17.326336
-0.596509
16.292091
-0.139596
14.185864
-1.095521
13.772159
-0.186095
11.895365
-2.957014
12.518043
-1.498443
10.747480
6.045280
8.720003
0.034724
8.846168
-2.060835
8.614256
-1.754109
7.889152
4.730240
7.860335
0.209575
7.062999
1.520448
7.093032
0.308320
6.461959
1.650999
7.651696
0.058699
5.858427
0.142248
5.745530
0.060569
5.390573
0.124286
5.765904
0.001161
4.963072
-0.599829
4.011554
-0.291648
4.083908
-0.000000
0.000000
-0.004691
4.092694
-0.327833
1.619522
-0.107380
1.896348
-0.157158
8.666337
-0.023324
3.891943
-0.631078
6.222854
-0.235137
4.185398
-0.399977
3.736513
-0.042490
3.341678
0.061605
3.024646
0.489937
2.548878
-3.335547
5.552979
-0.247484
3.081910
-3.046508
4.453851
-1.239848
3.269543
8.450626
2.033960
0.259579
2.685111
-0.256282
2.794178
-0.073789
2.562380
-0.153244
2.676678
-0.052941
2.420035
-1.865009
1.792698
-0.822883
1.905166
7.832944
8.854547
0.366333
2.601882
3.079642
4.708245
3.587709
5.144347
-8.141308
-3.337675
0.183421
2.603581
-17.704394
-22.981286
-10.758069
-17.401590
15.000000
28.474247
-0.021782
1.407710
6.787016
34.667381
1.522286
16.601436
-0.202241
-13.471718
-0.082480
2.023055
-0.228138
0.357378
-0.498003
2.341466
7.347074
-7.492313
0.416005
1.209792
0.088897
2.076241
-0.611102
2.311735
5.866690
-1.949354
0.543009
1.296564
1.604796
1.225496
0.496051
1.488819
-5.127094
2.170062
-0.092253
1.428054
-2.707432
2.005253
-1.826690
1.628722
2.967532
1.487167
0.046784
1.389894
0.946553
1.664537
0.134906
1.422877
-1.172583
0.481108
0.043738
1.289804
-2.588590
-0.317527
-2.125748
-0.372131
3.567054
4.942496
-0.086036
1.177625
1.885977
4.151540
0.356107
1.967015
-0.000000
0.000000
-0.035653
1.004153
0.411587
2.758770
0.116817
1.780822
-0.453301
2.417771
-0.097499
1.368340
-0.797307
2.802942
-0.508248
1.917215
3.619616
-4.019263
0.177285
0.853356
1.192747
-0.845231
0.910135
-0.410434
1.068087
1.383240
0.537528
0.598910
-1.156434
2.286851
-0.044242
1.088919
-1.795848
1.651228
0.324061
0.807845
-4.092931
2.071841
-2.064018
1.277363
0.543147
0.709972
-0.109042
0.839737
-2.931867
0.040916
-1.285890
0.224083
4.667321
4.731453
1.071696
1.461300
-9.418033
-4.219268
-7.818309
-4.976093
16.208188
20.651194
0.097996
1.753572
7.878829
15.918528
1.627594
6.145186
-3.000000
-18.238490
-0.372443
-0.827497
1.428834
5.579805
0.083584
4.380721
3.346857
-15.987520
0.456849
-1.140770
2.645991
-4.155426
1.278727
-1.863694
-4.535734
9.131900
0.315707
-0.228730
-4.859853
10.227601
-3.704324
6.577521
3.131505
-3.528578
-0.638549
1.360277
1.952136
-0.924860
-0.288269
0.883315
1.526565
-0.035118
-0.257358
0.794141
0.802902
0.340826
-0.640499
0.645817
4.902035
1.300948
0.335532
0.782959
3.720384
1.889679
1.266477
1.296786
-3.266535
-1.500245
-0.163165
0.518398
0.056774
0.783401
-0.184604
0.693345
-0.764910
-0.827142
-0.229476
0.339662
0.281419
0.870972
-0.079168
0.587733
-0.000000
0.000000
-0.068041
0.407598
-0.027882
0.738593
-0.220982
0.144466
0.388867
0.040319
-0.001080
0.050992
0.031220
1.136795
0.069729
-0.212304
-0.103693
1.789026
0.400427
-0.613367
-2.732905
6.343727
-2.041951
3.875983
1.939172
-1.654671
-0.266044
0.834254
-0.382454
0.610974
-0.887175
0.946607
2.344490
-0.198516
0.053495
0.493347
-1.874803
0.734569
-2.214514
0.471678
10.081229
1.738659
1.138853
0.671474
6.829687
2.743118
4.083425
1.812849
-6.663235
-2.315950
2.619069
1.290590
-12.521764
-4.377631
-9.109858
-4.189836
4.847125
3.501210
-1.792792
-0.956517
1.850721
3.757617
-3.266518
-2.534551
3.000000
2.689865
-3.149061
-5.419572
9.900105
27.080831
4.162635
17.917026
0.161448
-19.255255
0.378170
1.295980
2.309147
-6.875426
0.753489
1.170022
-0.868241
0.496228
-0.473276
2.085878
2.051456
-3.942408
0.688985
-0.792300
1.087038
-0.453193
0.178071
0.289549
2.880592
-1.203932
1.440069
-0.228154
-1.974017
1.108895
0.474059
0.143284
-0.247476
1.222358
-0.391705
1.070616
-3.280877
-0.133105
-0.680223
0.422695
-2.317229
0.020805
-2.546400
0.122658
1.768067
0.707713
-1.853509
-0.107474
4.514316
2.041002
1.932654
1.289399
-0.017709
0.555016
0.115625
0.477076
0.742670
1.600482
0.100031
0.803834
0.000000
0.000000
-0.389506
-0.265675
1.319155
4.705400
0.521611
3.542138
0.148471
-4.897563
0.035336
0.239209
0.633795
-2.194592
0.247047
-0.534378
-0.143421
0.846187
0.147380
-0.277368
-0.788550
2.317974
-0.892347
1.758977
2.010247
-1.613638
0.068169
0.284498
2.273999
-1.202434
1.586818
-0.842296
-1.041834
1.034862
2.214975
-1.076186
-6.124644
3.668740
-4.612407
2.155892
1.882429
0.019338
-0.303052
0.381058
-2.492680
0.915004
-4.835695
0.365937
2.030574
0.526994
-3.701388
-0.468062
3.345074
0.504154
-1.853823
-1.939987
11.256623
11.726883
0.067872
0.396605
17.072897
27.080199
8.168500
18.131286
-15.000000
-37.408913
-3.283290
-4.562475
-0.632016
-21.699892
1.218992
-7.939427
-0.193817
14.983101
-0.034778
0.016847
0.019588
8.295313
-0.005894
5.954711
0.129672
-1.099933
-0.525920
3.114333
1.560606
-3.673878
0.647348
-0.685458
-0.453205
0.716865
0.073523
0.161309
-0.781884
1.641133
-1.905003
2.429896
0.933299
-0.432935
-2.819991
2.247709
7.269632
-2.981778
3.959397
-0.922120
-2.442453
0.389974
-0.165978
0.323341
0.725631
0.047446
0.818070
0.257132
0.130651
0.333584
0.008536
0.243141
2.624004
1.859721
2.055292
1.828882
-2.977042
-2.479522
0.261256
0.492060
-2.530974
-2.617408
-1.565040
-1.376628
0.000000
0.000000
-1.521422
-1.745301
1.748944
2.206981
0.758735
1.345972
-0.001936
0.613881
-0.159189
-0.377621
0.366170
2.545750
0.105007
2.053476
-0.029964
0.212917
-0.016926
0.497284
-1.073264
2.432813
-1.346694
2.448233
2.045051
-2.112288
0.036595
-0.029082
0.911167
0.368772
-1.098342
1.683247
1.307820
-0.473025
-1.434694
1.228586
4.945041
-1.453346
2.119196
-0.167389
-1.036084
0.311968
0.277561
0.133990
0.026570
0.622061
-0.967646
0.364518
1.830018
0.799302
0.071023
0.009648
6.319891
4.784387
4.249225
4.093601
-6.930017
-5.539190
7.392217
4.615886
-33.118791
-23.922364
-56.424632
-46.250655
63.000000
62.129132
46.851110
57.457945
-21.315672
-34.008093
-3.855941
-7.805567
-0.041283
-0.194717
0.850271
3.264864
-0.480693
-5.138513
-0.128107
-0.355523
0.750169
-2.356246
-0.539529
2.500255
5.178995
-10.672457
3.972720
-6.150730
-3.596633
4.758540
0.679774
-0.531846
-2.313031
2.552932
-0.616566
1.161419
-1.164012
0.910399
-1.451211
1.584614
0.795258
-0.725270
0.658303
-0.133739
-0.576648
0.280426
-0.490863
0.418218
0.074482
0.044810
-0.189024
0.265282
-0.437416
0.118077
-1.879601
0.102513
2.403717
0.662403
1.243942
0.717666
-0.690839
-0.299989
-1.815240
-0.602400
2.951736
1.814803
2.452484
2.109662
0.000000
0.000000
1.364008
1.753012
-0.575928
-0.521416
0.130590
0.866245
-0.158513
-0.862088
0.045622
0.660441
0.034690
-0.559744
-0.131617
0.973879
0.424342
-1.680850
-0.358738
0.472683
2.407083
-4.407563
1.738074
-2.678319
-1.041947
1.572327
1.381836
-2.594690
-2.524437
4.430170
-2.027666
3.200424
-0.684157
0.886248
-2.727747
2.780970
1.842440
-1.155192
0.203977
0.069419
0.159081
0.167927
0.137640
0.054201
-2.112854
0.851431
-4.680973
0.640318
1.440895
0.818048
-9.136103
-0.729326
17.995919
6.450700
9.992709
5.531073
-6.062287
-3.648334
-5.995569
-1.571131
9.149452
4.997162
10.089532
9.197721
-3.000000
-5.165744
6.643108
9.522511
-10.549943
-23.847183
-4.130405
-13.250747
1.118597
5.687586
-1.090295
-3.777998
1.424566
4.177846
1.261093
1.421107
-0.281911
4.315694
0.575448
5.028408
-1.156439
0.687186
-0.616990
1.633830
-0.164064
0.908354
-2.331111
6.130914
2.745478
-5.234775
1.792638
-2.655773
0.618052
-0.547236
0.591566
-0.674402
2.302203
-0.795464
2.162507
-0.563396
-1.111275
0.448339
-0.589142
0.582855
2.124414
-0.308349
3.029588
0.106017
-1.433942
-0.135736
2.098730
0.630970
-4.452167
-1.501706
-2.058028
-0.809863
0.206908
0.347166
-1.592670
-0.455836
1.498181
0.859213
1.116283
0.936738
0.000000
0.000000
0.734627
1.118064
-0.956277
-1.867064
-0.492672
-1.091335
-0.111943
0.114011
-1.312378
-2.616246
1.203063
3.355085
0.662033
2.889859
0.227053
1.063368
0.049182
3.848752
0.590623
-2.132212
0.286130
0.005250
-0.240444
0.996555
-1.019270
3.192691
0.587045
-1.383810
-0.491364
0.328354
0.846313
-0.562831
-2.208686
1.551853
6.859338
-3.341813
4.697791
-1.689520
-1.019671
0.398516
1.853141
-0.699349
1.354208
0.797845
2.779384
0.918062
-3.779329
0.230995
-1.199998
1.346522
-5.289321
-1.631603
-4.399377
-0.870133
-3.713669
-0.604891
-19.896207
-5.990765
16.853366
7.812856
11.607674
7.694563
3.000000
1.454211
10.833764
11.226085
-5.962335
-11.058958
-0.371568
-3.536986
2.649479
4.555504
8.120858
15.176560
-4.363755
-13.988700
-1.334444
-9.360718
-0.471790
-0.190506
0.287834
-4.753201
-0.796771
2.754099
-0.090989
0.098979
-0.010948
0.063046
-0.104755
0.351963
1.495692
-1.864760
2.239999
-2.217817
-0.765261
0.838616
2.481201
-1.453058
-4.788759
2.925781
-2.650578
1.537050
-0.799665
0.757721
-4.782830
2.965190
2.331196
-1.295423
1.089892
-0.473158
1.181677
-0.130812
1.342278
-0.076722
0.448018
0.104582
0.731467
0.185918
0.632015
0.220822
1.210892
0.398015
0.848735
0.787711
1.512476
1.406258
0.000000
0.000000
1.903366
2.473067
-1.953870
-3.268503
-0.608383
-1.405383
0.303684
0.565806
0.753776
1.715491
-0.441301
-2.345641
-0.068571
-1.568497
0.043612
0.438584
0.081485
0.059834
0.149807
-0.180585
0.200991
-0.200746
-0.050190
0.462292
-0.338336
0.842139
1.136642
-1.189595
1.203418
-1.012457
-0.450674
0.828067
0.745120
-0.227295
-1.708175
1.668428
-1.263313
1.306028
-2.542751
2.128564
-11.144620
7.178822
6.641555
-2.863522
3.152101
-0.773656
1.403356
-0.294388
-0.366624
-0.042366
4.443035
0.697497
3.288738
0.957262
0.219441
0.138935
-9.168653
-3.952273
32.256395
20.895749
57.646331
47.065731
-63.000000
-63.465489
-46.646593
-56.504865
22.079792
31.470607
5.196212
8.329474
3.032983
3.762756
8.121021
10.598049
-2.070380
-1.684308
-0.488679
-0.443240
-0.297750
-0.844373
0.178089
-0.710254
-0.312750
0.699292
-0.098801
0.353136
-0.041633
0.641776
-0.753096
4.218127
1.096277
-2.774273
1.159050
-1.690635
0.402394
-0.594926
1.323370
-0.724745
-0.898657
0.246662
-0.056544
-0.089277
1.173750
-0.906343
3.877077
-2.414483
-1.329246
0.697420
0.221857
0.116096
0.072641
0.122712
1.964550
0.220745
-2.128618
-0.227648
-0.685733
-0.063135
-0.144565
0.121625
0.483895
0.829010
-2.491081
-1.665460
-2.102854
-1.531271
0.000000
0.000000
-2.266644
-1.899900
1.644343
1.692613
0.436153
0.554741
1.271503
1.487626
3.406412
4.596316
-0.740528
-1.112538
-0.052082
0.052424
-0.030441
0.076843
0.011872
1.110326
0.163230
-0.706138
0.068296
-0.020659
-0.076347
1.270450
-1.621128
6.621669
2.573301
-5.105727
2.299445
-3.205176
0.566531
-0.602273
2.299478
-1.746265
-1.357103
1.043008
-0.134086
0.186627
-0.160895
0.286477
-1.890108
1.461862
2.858946
-0.900263
3.364770
-0.525977
1.152669
-0.000493
7.010055
0.021891
-5.527696
-0.134574
-0.414217
0.068639
-5.808295
0.302725
-27.306623
-0.217633
4.564276
-2.124711
-5.820732
-3.861267
15.000000
5.806738
46.670547
23.333284
-10.476904
-6.281155
0.240008
0.287046
-4.637009
-4.459144
-6.436277
-6.577930
-0.792085
-3.525400
-0.973142
-4.515044
-0.177373
-1.538876
0.219729
-5.473295
-0.363366
2.606683
0.083085
-0.249166
0.243356
-1.081930
2.317977
-5.630631
-2.677358
5.194690
-1.796297
2.947748
-0.510963
0.805773
-2.000091
3.122507
0.676346
-0.848949
-0.139686
0.284711
0.788379
-0.692147
2.645228
-1.760381
-1.395960
0.616153
-0.816545
0.293583
-0.291264
0.164801
-2.121509
0.754959
0.908249
-0.138068
-0.396585
0.178657
2.014377
0.068013
7.172579
0.949751
-2.353055
-0.753147
-0.784125
-0.413290
0.000000
0.000000
1.596285
0.702779
-0.443483
-0.174257
0.219315
0.305535
0.028156
0.254104
1.203879
2.687651
-1.209232
-3.186260
-0.670765
-2.462569
-0.212315
-1.134163
-0.546847
-3.935274
0.113606
1.201717
0.000152
-1.143859
0.264775
0.819217
0.870043
2.347712
-0.691408
1.106524
-0.376480
0.828585
-0.272318
0.800588
-1.935087
4.486635
0.519606
-0.841737
-0.383851
0.650801
0.231141
-0.227297
-1.997333
1.332305
2.712087
-1.085717
2.386941
-0.575232
0.900036
0.195588
-3.374807
2.985682
2.087908
-0.633569
-0.404826
0.968189
8.148338
0.461030
33.008932
6.292533
-16.494433
-6.423065
-8.740330
-4.603924
-3.000000
-2.369368
-0.812164
-3.298511
-1.068267
-0.541791
-1.862250
-2.434556
-2.199188
-3.264357
-5.867737
-12.572039
3.523934
8.708388
1.219463
4.056891
1.007078
2.952545
4.327041
11.669561
-0.645990
-1.784019
0.674572
3.664931
-0.367178
-2.688205
-0.124300
-7.645531
-0.105567
0.717272
-0.034579
0.270086
0.232600
-0.617980
1.199734
-2.650525
0.047197
0.116365
0.480492
-0.304918
1.128822
-0.820464
5.860299
-3.708664
-3.526803
1.715623
-1.897945
0.761324
-0.964228
0.266466
-1.001982
0.093478
-0.420292
0.090487
-1.034835
0.135893
-0.238289
-0.069810
0.159253
-0.315383
-0.001066
0.109504
-0.364257
-0.038435
0.000000
0.000000
0.494807
0.129742
-0.190236
-0.091632
-0.677194
-0.444910
0.185623
0.056426
1.205841
0.718758
0.004102
0.166269
-0.360495
-0.443038
0.475708
0.753166
2.887705
5.815433
-0.303963
-0.942247
0.595374
1.969420
-0.126164
-1.238509
-0.106273
-2.383363
0.183308
-0.429018
0.211549
-0.251010
0.365162
-0.621623
0.356952
-0.407108
0.882623
-0.960727
1.179906
-1.030844
2.470287
-1.821624
10.143302
-6.089331
-5.305103
2.808124
-1.271583
0.301325
-2.655260
1.298891
-11.710701
6.048141
0.300370
-0.402923
-8.137917
2.300110
3.298234
-0.617415
13.403769
-0.391143
-2.538033
-0.685129
-5.930225
-0.903583
3.000000
0.261138
26.975907
8.248650
-4.341574
-2.586856
7.643564
3.370728
-5.743006
-5.354186
-14.745346
-17.785947
2.706677
5.066357
2.228619
3.401703
-0.529892
-0.183713
-3.362721
-6.227820
0.204526
1.065713
-0.283660
-0.702697
0.061829
-0.358736
0.715867
-3.995590
-0.583072
2.162482
-0.248079
0.728847
-0.321771
0.789567
-0.045514
1.127151
-0.794621
1.014035
-1.319305
2.279478
-0.831559
0.572489
-2.166288
1.018574
0.838023
-0.422021
-1.299503
1.274196
0.847385
-0.511995
5.459786
-3.119565
-0.277233
0.207912
1.797778
-0.541348
-0.061630
0.159441
1.184382
0.356312
-0.775412
-0.115036
-0.490244
-0.004059
0.000000
0.000000
3.279369
1.233482
-1.138396
-0.714735
0.622543
0.215725
-1.415776
-1.392903
-3.589742
-4.586387
0.733606
1.281462
-0.052442
0.087112
0.134644
0.304690
0.910295
1.462831
-0.065590
-0.177479
0.295101
0.755895
0.007992
-1.039717
0.515701
-4.008710
-0.264835
1.258947
-0.005938
-0.928852
-0.120343
0.787090
-1.090585
6.118607
-0.109262
0.092076
-1.997551
4.635689
0.573060
-0.763430
2.028771
-1.848423
-0.430003
0.313303
-3.777382
3.742704
1.005760
-0.731156
7.362037
-4.912974
1.048513
-0.066605
1.934450
-0.650023
6.547170
0.130722
35.242190
3.700070
-13.873198
-2.740722
-4.375268
0.021731
-15.000000
-6.528926
-36.608637
-23.960594
11.229215
7.638582
6.724376
2.725368
4.105394
4.390184
7.717650
9.127971
-0.721857
-0.924730
4.227419
4.220841
-0.570986
-0.606918
-3.852425
-6.041529
0.137309
0.645049
-0.149501
-0.315062
-0.010400
0.331644
0.083893
0.124114
-0.053894
0.323108
0.094756
3.686188
0.084466
-0.629112
2.149558
-8.699420
-0.517700
0.939796
1.106023
-2.629298
-0.736649
0.905791
-1.319823
1.057805
0.106340
0.005858
0.606052
-0.567733
0.051548
0.068968
1.766062
-0.491595
-0.963152
0.309376
0.422596
0.038116
-1.812091
0.152460
-5.889671
-0.170400
0.845625
0.202880
-2.229591
0.150902
0.000000
0.000000
2.702180
-0.152740
0.408328
0.328235
2.210626
0.803901
0.103116
0.189400
1.054480
0.746835
-0.006266
0.073487
1.700421
1.586240
-0.039159
0.055808
0.032761
0.601743
-0.134992
-0.427109
0.463603
1.378793
-0.102935
-1.384458
0.404357
-4.313762
-0.095015
0.816807
0.234539
2.824843
0.201929
-0.630655
2.214841
-6.552206
-0.533409
1.025495
0.423869
-0.578372
-0.322438
0.454068
0.217295
0.078989
-0.258606
0.281559
-0.958087
1.241874
0.824178
-0.356043
7.367729
-2.520635
-2.461337
0.797783
-0.339618
1.286562
-4.376918
0.478903
-23.403158
3.090506
1.193241
0.196852
-102.374794
9.994869
255.000000
-0.303347
-109.073477
-12.617183
0.926890
0.567237
-10.815269
-3.335426
-0.157212
-0.053082
-5.644568
-3.903541
0.283432
0.414225
-0.847855
-0.567854
-0.641831
-1.098961
-5.109600
-10.638515
0.648805
2.101057
-0.958056
-3.626381
0.342442
2.995629
0.180895
7.799036
0.033880
-0.370309
0.301094
2.128453
-0.164484
0.782428
-0.700648
-0.429515
0.081050
-0.083875
0.283634
-0.897397
-0.182550
0.318922
-0.479553
0.229042
0.057723
0.025130
-0.257947
0.449518
-0.207670
0.226211
1.288921
-1.243243
-0.054383
0.097064
1.313651
-0.574860
-0.453449
0.154552
0.869229
-0.687301
0.049269
0.084508
4.779018
-0.583395
-0.000000
0.000000
-2.964751
-0.326368
-0.008495
0.068167
0.187127
0.265705
-0.454128
-0.261141
-1.862252
-1.560568
0.072418
0.153284
0.212030
0.419197
-0.559376
-0.807066
-2.331870
-5.261083
0.279215
0.829381
-0.344496
-1.719418
0.120892
0.983452
1.112049
4.841323
-0.017729
-0.031642
1.199054
6.715613
0.021267
0.781687
0.093819
-3.602540
-0.019119
0.143994
0.086033
-0.257402
0.054433
0.022599
0.530158
-0.390053
0.006436
0.047110
-4.267101
5.798924
0.666866
-0.055447
15.526588
-9.945005
-1.549980
0.733689
7.912196
-2.399077
-4.077984
1.045181
-3.795664
-1.767379
-0.262173
0.162206
18.237106
-2.131833
-3.000000
-0.894141
-31.110604
-8.034763
2.202703
0.961907
-9.226507
-4.818572
2.670490
1.848681
7.537201
5.454843
-0.123233
0.025772
6.225523
3.246047
1.847254
2.096495
-0.467486
2.370912
-0.043084
-0.118845
0.776722
1.669997
0.332240
0.614960
-1.986769
-4.436770
0.088378
0.346467
-1.512672
-6.720826
-0.056473
-0.632893
0.503376
-0.535696
-0.069174
0.245131
0.836749
-1.590146
-0.347952
0.680971
-0.744253
0.632809
-0.073620
0.186598
2.361576
-2.708112
-0.697648
0.519072
-5.599919
3.407347
0.269222
-0.049005
-1.943218
0.814056
0.133226
0.089811
1.300817
-0.431568
-0.111426
0.114075
2.608693
-0.486811
